11443926
11442581
11444138
11309447
11445111
11309563
11445110
11253206
11445082
11446755
11446140
11442582
11444140
11444146
11446754
11444899
11446744
11444895
11443980
11431622
11438240
11443916
11442642
11444093
11442637
11439284
11438256
11401674
11401675
11255158
11255073
11232920
11153746
11444942
11444413
11443355
11440304
11442100
11415780
11401678
11153727
11019390
11445922
11445928
11445927
11447190
11447192
11444906
11444821
11443571
11443349
11442764
11442760
11442643
11441187
11441193
11441180
11441185
11442099
11442101
11438250
11437221
11425755
11271529
11425738
11271517
11425756
11415781
11415782
11412640
11404194
11401679
11401680
11270332
11258660
11258662
11258659
11255163
11255164
11255161
11255162
11261268
11253965
11253966
11253967
11251051
11251050
11230215
11239425
11239301
11239415
11232919
11232921
11222262
11190392
11189562
11189561
11189563
11189564
11170591
11170173
11170592
11163703
11153692
11152737
11078392
11151356
11151358
11151355
11118773
11118780
11119266
11118755
11086642
11086640
11080925
11080923
11028723
11028715
11028721
11005484
11019389
11019386
11007580
10993784
10973032
10960321
10600484
10600485
10497482
10497381
10466644
10444351
10448987
10449110
11444285
11444284
11442244
11443199
11444425
11444426
11444424
11443200
11444450
11444423
11444449
11443192
11444448
11444422
10809701
11442242
11442766
10948848
11445251
11444280
11037240
11444282
11037244
11445252
11442762
11442862
11402057
10964014
11445250
11444277
11037239
11412754
11442769
11443191
11441993
11427795
10964013
11445249
11443229
11443685
11427796
11402056
11396988
10964002
10809702
11444130
11442241
11442679
11444278
11442767
11442238
11442763
11443190
11441991
11441992
11427792
11401956
11399603
11287367
11245086
11245087
11235295
11223318
11223317
11037242
10964015
10964001
11418759
10551780
11438790
11191686
11427806
11165281
11171796
10967064
11442007
11442008
11171665
11149989
11439214
11432526
11189566
11181084
11165283
11423822
11257904
11186359
10445325
11445654
11444126
11444127
11444128
11446791
11445427
11444124
11429245
11425961
11428306
11411531
11411522
11411204
11411529
11411530
11341359
11416533
11267805
11396992
11257947
11247316
11239045
11239047
11239044
11239048
11239042
11239043
11239049
11239046
11151162
11191974
11124089
11124087
11066431
11066328
11020003
10242680
11418260
11406740
11442800
11442801
11431760
10549027
11263603
10971600
10549028
10545707
10226002
11396612
11416006
11416007
11424598
11443356
11428505
11100669
10807460
11442052
11279839
11110900
11271518
11444110
11335688
11406827
11433302
11110902
11428796
11425598
11415784
11077200
11424711
11442057
11218478
11098214
11410238
11109164
10514562
11173825
11059270
10809624
11449169
11448780
11448807
11443054
11445929
11444125
11442022
11442033
11435428
11439637
11439584
11439547
11438777
11433861
11437101
11427801
11433870
11433888
11433451
11430608
11420733
11405669
11410104
11410223
11399489
11399089
11310356
11287269
11267773
11264720
11228559
11228558
11224335
11224330
11222088
11221014
11221015
11220930
11206186
11188962
11205985
11205987
11203981
11203761
11169961
11198323
11187751
11187752
11187750
11170523
11161263
11174411
11174042
11174101
11166515
11168629
11168633
11168632
11161699
11166584
11162052
11162049
11151300
11118844
11110782
11110766
11110803
11110096
11110227
11109725
11109163
11097773
11097774
11090594
11087916
11079186
11070118
11063686
11027443
11015229
11015217
11009134
11007523
11001060
10998661
10963039
10764089
10753575
10711934
10686995
10634989
10607029
10595481
10545684
10543301
10541214
10453620
10424295
10415457
10404966
10404965
10402608
10402609
10402610
10102730
11444089
11445728
11445117
11194701
11445655
11219036
11398185
11442773
11433922
11443227
11396989
11443839
11442675
11442181
11437318
11445109
11445657
11445656
11010745
11446139
11438779
11446767
11234427
11110000
11443228
11245600
10974904
11442228
11255643
11161964
11428514
11434338
11205977
11430445
11230210
11120206
11442682
11398186
11264784
11120725
11248431
11439388
11018781
11430821
11439181
11433785
11108782
11245747
11335149
11264091
11226214
11220250
11446769
11446942
11265795
11415439
11372686
11236711
11218186
11120726
11166583
11152734
10974888
11415804
11434328
11415449
11401476
11402034
11359500
11245749
11236665
11103543
11021132
11008063
10071779
11441232
11442755
11446930
11446876
11446768
11438389
11444902
11442926
11444793
11443906
11442685
11443797
11442576
11443838
11442863
11443581
11443358
11442572
11428534
11442666
11442182
11439605
11438008
11440309
11442042
11442047
11442150
11442358
11440635
11439625
11433985
11438647
11437248
11430097
11436470
11428516
11435938
11434342
11432243
11406826
11415476
11221034
11409737
11406710
11310359
11409742
11406713
11406715
11406822
11267768
11396871
11372687
11381427
11359499
11274022
11226040
11255646
11271632
11272283
11273262
11271519
11240969
11243494
11220237
11193280
11243489
11240946
11236662
11218185
11218183
11221019
11187970
11190601
11191606
11190598
11188017
11188078
11179513
11124311
11165291
11160812
11157459
11157510
11151979
11151978
11151977
11151976
11156446
11152993
11152994
11120828
11108669
11087913
11066533
11065878
11062984
11062983
11024223
11018780
11017648
11008065
11001287
10987904
10983736
10971595
10964896
10961210
10749321
10749143
10740642
10735718
10484423
10441150
10102732
10102839
10071776
11237360
11110800
11166514
11266395
11345551
11156368
11168066
11169358
11159765
11159766
11159757
11074465
11074469
11007551
10985236
10791300
11443180
11443188
11249843
11443181
11267536
11244211
11427794
11396683
11443187
10586327
11166497
11441763
11438540
11441762
11442243
11433991
11442401
11415516
11273575
11442084
11077575
11399758
11254343
11422603
11406818
10994657
11438090
11104304
11422602
11418761
11396681
11309407
11205755
11402460
11387133
11345559
11399580
11345574
11265569
11171213
10465922
11433856
11404043
11168561
11276078
11255802
11310022
11236015
11174729
11078253
10583311
10451016
11447806
11409719
11406820
11406817
11396870
11357200
11357350
11272861
11258647
11242305
11222730
11188963
11189570
11170869
11120516
11124193
11110908
11123952
11119777
10756678
10606976
10444506
11444088
11443986
11443987
11445415
11444286
11444098
11444940
11445138
11445930
11442771
11444281
11443314
11439264
11439183
11439263
11442035
11440977
11440981
11430607
11437236
11426278
11433547
11433548
11430808
11428645
11413922
11413924
11406744
11410988
11401668
11401090
11399759
11398272
11403815
11397021
11402444
11406749
11397020
11267770
11399498
11397057
11354763
11274035
11299799
11274682
11262793
11334721
11253819
11265313
11226030
11263595
11258568
11266075
11265316
11254344
11264469
11254835
11253824
11244220
11250362
11244217
11221011
11249840
11239085
11239130
11241245
11236014
11221012
11221171
11219789
11219875
11223262
11217461
11199794
11218968
11218123
11218187
11215363
11207769
11207341
11205759
11177602
11203392
11198475
11188085
11198443
11188837
11168443
11188015
11187926
11171398
11165265
11177694
11168558
11170694
11168202
11168201
11172105
11158872
11159122
11161695
11161692
11160808
11166496
11166493
11152476
11155927
11151362
11161718
11154508
11154507
11119776
11124191
11151825
11111033
11128053
11100303
11100393
11105750
11103986
11104449
11081745
11072129
11068602
11078360
11078359
11078391
11035522
11074086
11077573
11077334
11047806
11018872
11018778
11036943
11037277
11011971
10984309
10998535
11005594
10998802
11011063
10965514
10966131
10922813
10809130
10810947
10808858
10735568
10732942
10586347
10559574
10559719
10558857
10558858
10557363
10557364
10485430
10436957
10444659
10415241
10162446
10093475
10093336
10080541
10038160
10003784
11443042
11442036
11440980
11443313
11442038
11444135
11403817
11402043
11439467
11439458
11437293
11428794
11444097
11441048
11437190
11435574
11272865
11149861
11440233
11440234
11435742
11438544
11435746
11435434
11429180
11418773
11409702
11413885
11409240
11309406
11393739
11396229
11272867
11272866
11265732
11219034
11259635
11255228
11191599
11168361
11187856
11187859
11177345
11177346
11149862
11066000
10984347
10720756
10637229
10637228
10596389
10596953
10544765
10544764
10544763
10544762
10529910
10530574
10504751
10466474
10466273
10447509
10431935
10432065
10420507
10420501
10096557
10096558
10081119
10064339
11155952
11267781
11430444
11155946
11442019
10783534
11238947
11426423
11405751
11440625
11423295
11310026
11324073
11263067
11119616
11440624
11439168
11429069
11419060
11425813
11403141
11404190
11400874
11273249
11254833
11121430
10738938
10410238
10093439
10093437
10050008
10045893
10010549
11437405
11447824
11437380
11448002
11257322
11422635
11436921
11409701
11425176
11108732
11219877
11345577
11221470
10966811
11310484
11444463
11442588
11436613
11416937
11401666
11217057
11151351
10463637
11441710
11435785
11425168
11417229
11399765
11309349
11261094
11164765
10235849
11443978
11441712
11440974
11440235
11438505
11436823
11436573
11436574
11436575
11436614
11411534
11433380
11431457
11431455
11431456
11427808
11427809
11427807
11425177
11411560
11420056
11406824
11415491
11415475
11404310
11399773
11397053
11402092
11401672
11401691
11268007
11272588
11262766
11262765
11262764
11261093
11151196
11110567
11248626
11248624
11235839
11241343
11241411
11241328
11241373
11239001
11234640
11234641
11234638
11234639
11234238
11224538
11205974
11168346
11171800
11174395
11174104
11173682
11174400
11164837
11151890
11151160
11125704
11104616
11094251
11076825
11070146
11069947
11069949
11069950
11069977
11030157
11007464
10569535
10569407
10561897
10056483
10005533
10000723
11444723
11415463
11442030
11439734
11443908
11445920
11079005
11177607
11448376
10118840
11259468
11445921
10735644
11442229
11265190
11096660
11439804
11437415
10587779
11430387
11443350
11402426
10744331
11442573
10656442
11442199
11443154
11399478
11443044
11403814
10733525
11190704
10755772
11427803
11444466
11439518
10013259
11433450
10102316
11442058
11444723
11415463
11442030
11439734
11443908
11445920
11079005
11177607
11448376
10118840
11259468
11445921
10735644
11442229
11265190
11096660
11439804
11437415
10587779
11430387
11443350
11402426
10744331
11442573
10656442
11442199
11443154
11399478
11443044
11403814
10733525
11190704
10755772
11427803
11444466
11439518
10013259
11433450
10102316
11442058
11441746
11442680
11443153
11424581
10402635
11397463
11425061
11411553
11442341
11444700
11442472
10402634
11421009
11443910
11442184
11436726
10466124
11425138
11439732
11152474
11027873
11418746
11433381
11443345
11439442
11420367
10421599
11037600
11418749
11444480
10984122
11424692
11438886
11172099
11195017
11442887
11441036
11079034
11432265
11412639
11441746
11442680
11443153
11424581
10402635
11397463
11425061
11411553
11442341
11444700
11442472
10402634
11421009
11443910
11442184
11436726
10466124
11425138
11439732
11152474
11027873
11418746
11433381
11443345
11439442
11420367
10421599
11037600
11418749
11444480
10984122
11424692
11438886
11172099
11195017
11442887
11441036
11079034
11432265
11412639
11244387
11441743
11443989
11439654
11274855
11443179
11435198
11170514
11443977
11229202
10434822
11258675
11439392
10994766
11439808
11403828
11074067
11161932
11441228
11103817
10983248
11264901
11199164
10504925
11436405
10065389
11103826
11447808
11425209
11398919
11441229
11443915
11099496
11438572
11437258
11088168
11291253
11409242
11237361
11219788
11244387
11441743
11443989
11439654
11274855
11443179
11435198
11170514
11443977
11229202
10434822
11258675
11439392
10994766
11439808
11403828
11074067
11161932
11441228
11103817
10983248
11264901
11199164
10504925
11436405
10065389
11103826
11447808
11425209
11398919
11441229
11443915
11099496
11438572
11437258
11088168
11291253
11409242
11237361
11219788
11188952
11438854
11436827
11370453
11441184
11443627
11441990
11422015
11433382
11239699
11167775
11443039
11397730
11224354
11104442
11433545
11191695
11088610
10096305
11442569
11407190
11402883
11199523
11243569
11243488
10769843
11274024
11412340
11233599
11421043
11403718
11109199
11439587
11425063
11359420
11273250
11245611
11156164
10983254
11437977
11188952
11438854
11436827
11370453
11441184
11443627
11441990
11422015
11433382
11239699
11167775
11443039
11397730
11224354
11104442
11433545
11191695
11088610
10096305
11442569
11407190
11402883
11199523
11243569
11243488
10769843
11274024
11412340
11233599
11421043
11403718
11109199
11439587
11425063
11359420
11273250
11245611
11156164
10983254
11437977
11401473
11235745
10504824
11268008
11254830
11240966
11188947
11037598
11442032
11442339
11166447
10113887
11414957
11299867
11245604
11440312
11193215
10065511
10416223
11310358
11322293
11273495
11221877
11104906
11036888
10971499
11443925
11443583
11414958
11271927
11240948
10435804
11440982
11441030
11441721
11436042
11345712
11220235
11197724
11440976
11401473
11235745
10504824
11268008
11254830
11240966
11188947
11037598
11442032
11442339
11166447
10113887
11414957
11299867
11245604
11440312
11193215
10065511
10416223
11310358
11322293
11273495
11221877
11104906
11036888
10971499
11443925
11443583
11414958
11271927
11240948
10435804
11440982
11441030
11441721
11436042
11345712
11220235
11197724
11440976
11438859
11401676
11221363
11099767
11035464
10759055
10090485
11424058
11191638
10973943
11028874
10754427
10069180
11439186
11439039
11438831
11431172
11403716
11217460
11345591
11257958
11233267
11162027
11104905
11082356
10739482
11442930
11443573
11442065
11436466
11245583
11231873
11207326
11206182
11172218
11149990
11104444
11432347
11238617
11215790
11438859
11401676
11221363
11099767
11035464
10759055
10090485
11424058
11191638
10973943
11028874
10754427
10069180
11439186
11439039
11438831
11431172
11403716
11217460
11345591
11257958
11233267
11162027
11104905
11082356
10739482
11442930
11443573
11442065
11436466
11245583
11231873
11207326
11206182
11172218
11149990
11104444
11432347
11238617
11215790
11187698
11444471
11310383
11411333
11251592
11171313
11166389
11151900
10447782
10096122
10091068
11438774
11429236
11399571
11403516
11274400
11261024
11256093
11251587
11242290
10451015
11119264
11104586
11104671
10966282
10589715
10056821
11445244
11441183
11437414
11420397
11414955
11263066
11334723
11334722
11228806
11174154
11178753
11124217
11126326
11187698
11444471
11310383
11411333
11251592
11171313
11166389
11151900
10447782
10096122
10091068
11438774
11429236
11399571
11403516
11274400
11261024
11256093
11251587
11242290
10451015
11119264
11104586
11104671
10966282
10589715
10056821
11445244
11441183
11437414
11420397
11414955
11263066
11334723
11334722
11228806
11174154
11178753
11124217
11126326
11124159
10736208
10573893
10461339
10444650
10076671
10051609
11447921
11444945
11439736
11439606
11420441
11424916
11404197
11412755
11396680
11287452
11318479
11272643
11300047
11267789
11264327
11238163
11228882
11222165
11221962
11197714
11174399
11171149
11187738
11156569
11082276
11080767
11021858
10638129
10504928
10108940
11441190
11446762
11445672
11124159
10736208
10573893
10461339
10444650
10076671
10051609
11447921
11444945
11439736
11439606
11420441
11424916
11404197
11412755
11396680
11287452
11318479
11272643
11300047
11267789
11264327
11238163
11228882
11222165
11221962
11197714
11174399
11171149
11187738
11156569
11082276
11080767
11021858
10638129
10504928
10108940
11441190
11446762
11445672
11445653
11448694
11448298
11448256
11448281
11447279
11444698
11448652
11448297
11448529
11448654
11446997
11448323
11447880
11412337
11446127
11447892
11447878
11440073
11442837
11442024
11444139
11443198
11443231
11443917
11445918
11444467
11443352
11441045
11443162
11445917
11437042
11437055
11443038
11443979
11444694
11444691
11444695
11443193
11442403
11445653
11448694
11448298
11448256
11448281
11447279
11444698
11448652
11448297
11448529
11448654
11446997
11448323
11447880
11412337
11446127
11447892
11447878
11440073
11442837
11442024
11444139
11443198
11443231
11443917
11445918
11444467
11443352
11441045
11443162
11445917
11437042
11437055
11443038
11443979
11444694
11444691
11444695
11443193
11442403
11335041
11430392
11441724
11442048
11439572
11445081
11443058
11437975
11442075
11437099
11439718
11442673
11442404
11441752
11442009
11441186
11441731
11441031
11104656
11200090
11267772
11104652
11438760
11438490
11434080
11436824
11424059
11436486
11236637
11429141
11429143
11420771
11427797
11433378
11428444
11424785
11426990
11425660
11421240
11410103
11335041
11430392
11441724
11442048
11439572
11445081
11443058
11437975
11442075
11437099
11439718
11442673
11442404
11441752
11442009
11441186
11441731
11441031
11104656
11200090
11267772
11104652
11438760
11438490
11434080
11436824
11424059
11436486
11236637
11429141
11429143
11420771
11427797
11433378
11428444
11424785
11426990
11425660
11421240
11410103
11413195
11269631
11415472
11413662
11387382
11269588
11402478
11396438
11273334
11273339
11293327
11275913
11203762
11355031
11334703
11309405
11270447
11243495
11274631
11265312
11266953
11251563
11255855
11262113
11262063
11261991
11259466
11259114
11250387
11235756
11250095
11233002
11228721
11232588
11241341
11241374
11241159
11225087
11233580
11233262
11413195
11269631
11415472
11413662
11387382
11269588
11402478
11396438
11273334
11273339
11293327
11275913
11203762
11355031
11334703
11309405
11270447
11243495
11274631
11265312
11266953
11251563
11255855
11262113
11262063
11261991
11259466
11259114
11250387
11235756
11250095
11233002
11228721
11232588
11241341
11241374
11241159
11225087
11233580
11233262
11233021
11231926
11231914
11228883
11228686
11220238
11220231
11221026
11221243
11221344
11220576
11220205
11206429
11199868
11215686
11213456
11206178
11189571
11192732
11203768
11189880
11198172
11188954
11193225
11173075
11105143
11186254
11159636
11169356
11154480
11165975
11170471
11187526
11165288
11165290
11164845
11159067
11152986
11177644
11165261
11233021
11231926
11231914
11228883
11228686
11220238
11220231
11221026
11221243
11221344
11220576
11220205
11206429
11199868
11215686
11213456
11206178
11189571
11192732
11203768
11189880
11198172
11188954
11193225
11173075
11105143
11186254
11159636
11169356
11154480
11165975
11170471
11187526
11165288
11165290
11164845
11159067
11152986
11177644
11165261
11174102
11166921
11160698
11171086
11170653
11109970
11167590
11160787
11159640
11101986
11160111
11154467
11161719
11161957
11161730
11161729
11125699
11131703
11150832
11149900
11108491
11110406
11008124
11121399
11104996
11108759
11108760
11102921
11098345
11103935
11102964
11104904
11096251
11104439
11103491
11096305
11086700
11100101
11072309
11090673
11174102
11166921
11160698
11171086
11170653
11109970
11167590
11160787
11159640
11101986
11160111
11154467
11161719
11161957
11161730
11161729
11125699
11131703
11150832
11149900
11108491
11110406
11008124
11121399
11104996
11108759
11108760
11102921
11098345
11103935
11102964
11104904
11096251
11104439
11103491
11096305
11086700
11100101
11072309
11090673
11087109
11083702
11079478
11083028
11081127
11081124
11082247
11079099
11076833
11075036
11059940
11075038
11001335
11034410
11038105
11018473
11016375
11066820
11066430
11057219
11062494
11062029
11059388
11038112
11016462
11025940
11032727
11021649
11028714
11016380
11019896
10991145
11003500
11019113
10976557
11007466
10977573
10994762
10995470
10973026
11087109
11083702
11079478
11083028
11081127
11081124
11082247
11079099
11076833
11075036
11059940
11075038
11001335
11034410
11038105
11018473
11016375
11066820
11066430
11057219
11062494
11062029
11059388
11038112
11016462
11025940
11032727
11021649
11028714
11016380
11019896
10991145
11003500
11019113
10976557
11007466
10977573
10994762
10995470
10973026
10978358
10975545
10968936
10973021
10966289
10966285
10968903
10966906
10781539
10781540
10965539
10961855
10963086
10960661
10838470
10833814
10828616
10781485
10749941
10781375
10767584
10764009
10067885
10761391
10759025
10749898
10739871
10673514
10752270
10752269
10734411
10751925
10744388
10746177
10743806
10712091
10742906
10735711
10735459
10736700
10978358
10975545
10968936
10973021
10966289
10966285
10968903
10966906
10781539
10781540
10965539
10961855
10963086
10960661
10838470
10833814
10828616
10781485
10749941
10781375
10767584
10764009
10067885
10761391
10759025
10749898
10739871
10673514
10752270
10752269
10734411
10751925
10744388
10746177
10743806
10712091
10742906
10735711
10735459
10736700
10612436
10605593
10734360
10719056
10686083
10609370
10700518
10700618
10634958
10702392
10700585
10688542
10638998
10639086
10639060
10504931
10605025
10446103
10606998
10600487
10598282
10595227
10596738
10586391
10596515
10591265
10590322
10592002
10577624
10547489
10583347
10589172
10578005
10586254
10576730
10510504
10582452
10563182
10577893
10579400
10612436
10605593
10734360
10719056
10686083
10609370
10700518
10700618
10634958
10702392
10700585
10688542
10638998
10639086
10639060
10504931
10605025
10446103
10606998
10600487
10598282
10595227
10596738
10586391
10596515
10591265
10590322
10592002
10577624
10547489
10583347
10589172
10578005
10586254
10576730
10510504
10582452
10563182
10577893
10579400
10528459
10567573
10543307
10560806
10530262
10547367
10547488
10532221
10492899
10523093
10487569
10504805
10497698
10477779
10490807
10450090
10497648
10464796
10483954
10479398
10483711
10484086
10426827
10466648
10479760
10477781
10464275
10410663
10465737
10456543
10446514
10445813
10451318
10451426
10447779
10427537
10445177
10445338
10447827
10447482
10528459
10567573
10543307
10560806
10530262
10547367
10547488
10532221
10492899
10523093
10487569
10504805
10497698
10477779
10490807
10450090
10497648
10464796
10483954
10479398
10483711
10484086
10426827
10466648
10479760
10477781
10464275
10410663
10465737
10456543
10446514
10445813
10451318
10451426
10447779
10427537
10445177
10445338
10447827
10447482
10437014
10443700
10441102
10430693
10427416
10426919
10412418
10425145
10421600
10425510
10412128
10416221
10416220
10422287
10412065
10305890
10403241
10412390
10412376
10412270
10411995
10405541
10411954
10403701
10404247
10404342
10408584
10404343
10409033
10408585
10245951
10406408
10404306
10407369
10403269
10403033
10389810
10401723
10376388
10244463
10437014
10443700
10441102
10430693
10427416
10426919
10412418
10425145
10421600
10425510
10412128
10416221
10416220
10422287
10412065
10305890
10403241
10412390
10412376
10412270
10411995
10405541
10411954
10403701
10404247
10404342
10408584
10404343
10409033
10408585
10245951
10406408
10404306
10407369
10403269
10403033
10389810
10401723
10376388
10244463
10249270
10247557
10294872
10240989
10247949
10133735
10243832
10247107
10247110
10113666
10245837
10246395
10245826
10245828
10120117
10244811
10243466
10243210
10118810
10120197
10111448
10112706
10157533
10125749
10124767
10124118
10124119
10116719
10117267
10120830
10120153
10113546
10113571
10112012
10118639
10117956
10115313
10117891
10100130
10113417
10249270
10247557
10294872
10240989
10247949
10133735
10243832
10247107
10247110
10113666
10245837
10246395
10245826
10245828
10120117
10244811
10243466
10243210
10118810
10120197
10111448
10112706
10157533
10125749
10124767
10124118
10124119
10116719
10117267
10120830
10120153
10113546
10113571
10112012
10118639
10117956
10115313
10117891
10100130
10113417
10117137
10088735
10114787
10113309
10111781
10115481
10115482
10113864
10114430
10045063
10114075
10113208
10097942
10110122
10111717
10069054
10111182
10106102
10109924
10110875
10110468
10108592
10104010
10108649
10100240
10100241
10097138
10104688
10094082
10106099
10100896
10105770
10101127
10102305
10102303
10101955
10101935
10095226
10096325
10100324
10117137
10088735
10114787
10113309
10111781
10115481
10115482
10113864
10114430
10045063
10114075
10113208
10097942
10110122
10111717
10069054
10111182
10106102
10109924
10110875
10110468
10108592
10104010
10108649
10100240
10100241
10097138
10104688
10094082
10106099
10100896
10105770
10101127
10102305
10102303
10101955
10101935
10095226
10096325
10100324
10097920
10096448
10091606
10094490
10079094
10090888
10085660
10085723
10080929
10069672
10069669
10078995
10081171
10083378
10083458
10079551
10083191
10082758
10081157
10069048
10078420
10076132
10074939
10074633
10074722
10069049
10070073
10069733
10065382
10061178
10064271
10064545
10058408
10062151
10061147
10056822
10055803
10055802
10053659
10053456
10097920
10096448
10091606
10094490
10079094
10090888
10085660
10085723
10080929
10069672
10069669
10078995
10081171
10083378
10083458
10079551
10083191
10082758
10081157
10069048
10078420
10076132
10074939
10074633
10074722
10069049
10070073
10069733
10065382
10061178
10064271
10064545
10058408
10062151
10061147
10056822
10055803
10055802
10053659
10053456
10041476
10047126
10043026
10033192
10019619
10015001
10012913
10011746
10007035
10005733
10005363
10005344
10005364
99999999
10000880
11446131
11438257
11437377
11444795
11443901
11444136
11443897
11443189
11411581
11415442
11415441
11257903
11257905
11254822
11257407
11223288
11221154
11174814
11191535
11179515
11165269
11179463
11168553
11151983
10226174
