20092656
20089734
21953569
21519253
202004212357
21519349
22058849
22034762
21931460
21931605
22051043
21953570
22058847
21519399
21814375
21658686
21717584
21966413
21840419
21658687
21869994
21079676
21974542
21445102
21869795
21931606
21874031
21984280
21538374
21717581
20089769
21966340
22070314
20089771
21935205
21856522
20987587
202008243104
20987586
21966415
20244189
22070315
21867491
20089770
22070316
21974495
21717582
21713910
21712094
21442409
21322329
21121591
21047002
20113290
20113170
21974496
21840490
21814357
21658685
21444406
21230123
21129156
21049535
21049528
20244190
20172932
20113294
20113291
20106856
20106855
20105677
20089768
22034648
22034647
22001018
21990537
21944413
21881097
21880842
21875707
21874447
21874446
21840272
21713911
21614006
21614005
21612417
21514633
21514632
21514631
21444407
21444405
21444404
21401983
21322328
21304511
21230734
21230572
21105195
21049532
21047001
20984759
20983317
20969011
20966021
20957854
20957853
20957852
20950666
20946040
20946039
20946038
20944613
20944612
20944611
20944524
20944523
20941149
20935152
20894250
20894131
20769268
20754886
20754885
20244188
20171942
20135203
20113293
20113292
20105676
20085369
22028491
21840669
21888218
21807678
21859118
21928198
21447954
21980832
21655529
202008243101
21491256
21972634
21893644
21628521
21890784
22058934
21519400
21628520
21956210
21930788
22001021
21843879
21823954
21491489
21938036
22042105
21843900
21950839
21843914
22022497
21752307
21626615
22021242
21972633
21954838
21233117
21843898
20933801
22067304
21950387
21937992
22021190
21728506
21899294
21932435
21920409
22008009
21728508
21104046
22021191
22053544
22028948
21974088
21932436
21656063
21536181
22045745
22001020
201912181677
21843915
21886772
20981675
22029357
21592898
22047177
21953639
21972641
21814686
21843899
22047178
22013003
22031912
22103172
21893749
21756312
21893750
21300119
22008030
21404343
22047181
20761229
21654697
22094122
22042100
22029356
22007964
21588661
22094121
22025785
22020901
21476527
21238599
21108346
20099256
22103175
22103174
22094120
22094112
22094111
22093099
22033235
21862343
21740803
21648210
21528067
21105107
21096878
21089530
22093100
22049572
22032809
21960192
202006242671
21950388
21842177
21740751
21740735
21720896
21708306
21592899
21472796
21300118
202005042397
20891392
20891390
20806349
22123356
22106808
22106804
22098708
22094109
22094107
22081623
22074980
22066366
22066365
22062874
22062873
22062809
22059753
22033234
22033226
22028946
22020680
22013004
22008007
21995426
21967212
21953593
21951147
21951146
21951145
21940520
21938959
21931191
21925851
21918612
21918536
21879447
21879446
21879445
21879444
21838973
21833268
21826191
21811889
21807592
21799425
21799424
21799279
21799267
21765135
21753648
21749078
21749052
21749051
21749037
21749035
21738268
21732946
21720895
21708307
21704512
21661994
21661993
21656022
21654745
21649774
21649718
21628383
21628263
21616811
21592900
21528068
21528066
21528065
21527834
21527833
21527832
21517231
21491988
21473880
21470478
21437391
21366273
21264558
21230185
21230177
21220874
21208763
21208759
21207007
21207006
21127823
21126427
21126426
21126353
21126332
21118774
21104050
21096749
21086394
21076803
20983007
20966017
20955785
20955784
20955783
20955782
20933725
20903303
20903301
20891710
20891391
20891389
20891388
20886463
20886462
20886379
20886378
20760411
20668039
20087541
20028059
22106809
22066372
22066371
22031972
22027149
21728509
21728507
21622565
20907879
20774009
20773990
20773989
20224898
22111972
22048665
22045375
22045374
21984815
22076096
21854084
21625478
22012928
21999041
22067057
22067042
21738406
22059748
22025458
22047124
21935206
22047125
22025638
22081923
22076095
22009300
21828781
21626420
21419142
20989662
20955809
20882499
22122543
21938141
202009013160
21491990
22012868
22012017
21964007
22031799
21728619
21995543
22053410
21406253
21094649
202008253124
21752873
21987888
21717972
22069970
21639829
20983136
21941845
20918820
20037297
22013103
22011395
21388426
21807793
202006102568
21803513
21813561
22021547
21971129
21926971
21593186
202008133056
21938263
21409806
22117595
202008253123
22028040
202008133057
21842446
22061577
21591327
21443472
21127348
21952600
21755288
21441147
21844082
21510518
21128777
20013718
22013102
21984173
21822646
21820439
21820173
21662304
21589214
21443470
21328720
20800850
22033248
21970159
21969299
21969106
21968556
21964998
21951020
21950912
21922085
21869694
202008253105
21749114
21748303
21740305
21731844
21722513
21705123
21655435
21617876
21588742
21523512
21523250
21518404
21441177
21421695
21401874
21328771
21302332
21227509
21227388
21222041
21217672
20839424
22061071
22035372
21975021
21874478
21830954
21441106
21133817
22035371
21636852
21216763
20008838
22076267
21847042
21948848
21121332
21654934
22045891
22045688
21987604
22003567
21954727
21121333
21830930
21964459
22047128
21954726
21986427
22005237
202006292713
21654895
21067173
22045950
20837350
21978123
21944448
21648688
22001277
21981934
21846967
20811763
21275990
21852193
21730145
21532515
21988372
21649220
22045991
21636851
22076687
22062719
20769250
21401860
20769251
20933587
21875474
20956961
22079404
21488470
21488253
21648674
20659101
21954725
21896593
21729621
21549454
22096315
21740815
21488352
21018841
20837351
20101609
22088038
21941427
21941424
21740816
20965991
20883407
20811764
20066935
22003566
21894412
21740817
21488255
21425601
20105890
21941426
21896314
21852358
21814827
21814742
21814558
21814525
21767137
21740814
21706911
21549423
21446999
21445089
21443471
21362950
21224549
21224548
21216762
21094391
20922754
20883408
20664145
20660635
20105837
20101608
20010039
22111177
22062718
21944513
21941425
21896809
21820554
21808529
21808365
21770439
21769782
21767138
21760468
21760288
21740826
21730146
21717739
21706910
21636850
21636849
21617883
21541095
21532514
21514512
21488353
21443475
21443474
21438413
21419882
21419881
21419880
21362952
21362949
21362948
21271677
21271676
21230474
21230456
21127354
21127353
21127352
21127351
21127350
21127349
21104053
21104052
21094167
21094166
20984916
20984915
20984913
20984912
20975573
20975448
20975325
20975233
20975229
20954201
20933579
20933578
20922755
20819305
20819304
20800870
20800869
20156551
20040153
20019478
20019477
20009435
20008837
20005304
21987788
21854873
21854874
22041188
21978530
21978476
22041189
22101303
22079008
22112504
21751658
21978531
22046110
21523615
21978499
22101304
22112505
21960087
22046111
22008508
21857845
21963985
22041126
22041070
22058554
22041135
21751659
21963986
22008509
21901957
22041136
21980383
21948187
21978036
21977599
21717586
21978038
21978729
22008034
21901958
21622493
21978357
21751637
21649138
21978358
21568717
21978730
21649139
21807231
22058555
21977600
22040709
22011341
21846739
21980437
21870117
21846740
21926290
21512178
21622376
21532672
21980438
21918324
21728880
21419650
21960092
21829028
22106810
20002334
22096088
22106811
21568719
22079004
22011390
21919878
21447910
20943028
20104531
21919879
21839617
21626608
21568718
21532673
22065569
21926391
21829030
21740352
21622494
21512241
21419589
21135624
20912051
20104532
22102080
22102072
22095863
22095862
22095857
22095856
22095855
22093076
22093075
22088692
22088647
22079005
22079003
22079002
22076055
22076054
22065821
22051056
22051055
22020678
22020677
21870168
21854862
21835845
21807232
21807230
21807229
21742705
21740705
21720885
21717451
21658983
21648209
21648175
21626614
21527506
21527505
21447909
21208764
21123887
21122809
21122804
21119653
21115296
21102390
21101027
21090575
20985889
20985888
20943058
20893440
20893439
20699813
20113655
22007718
22129962
22129961
22112409
22112394
22100330
22100329
21816495
21816494
21568720
21102384
20681517
20104524
21987875
21857073
22066031
21628815
202005062415
21510215
21038098
22003481
21987569
21599445
22098392
21987570
21279576
22046339
21946371
22098391
21560671
21730499
21962717
202005132454
202008243103
20763539
21492166
202004272343
21401868
22041501
22063631
202008243119
22061341
22053066
21951089
21803889
22123309
21032480
20771996
202006172622
21767980
22123308
21894162
20771997
22071355
21874477
21409782
21558860
21961019
20973227
21971674
21952340
21822278
21803927
21988283
21934685
21893802
202007152830
21807494
21543815
21730032
21972100
22043710
21594121
21807371
21492125
20986750
21624999
202009013165
21981933
22071265
21746363
21852156
21558892
21437452
21612337
21886064
21527741
21267285
21656062
22038446
20099332
21952718
21968877
22040898
20930529
21441097
21945938
20198248
20757827
21923685
21919749
21730472
20106027
22046663
21921752
21626248
22066373
21032908
21552357
21491615
21894163
21760356
21528728
22041251
21800252
21713224
21067891
21961020
21851875
21860335
21760287
21437453
20834033
20757845
21919475
21233429
21947181
21879987
21798710
21438597
21125231
21090576
21996288
202006242669
202005222469
20747103
21934428
21527740
21441150
21437451
21661435
22018038
21133996
21551543
21217484
21951091
21627119
21923740
21474142
20814349
21746285
21060136
21979853
20804246
21803929
21867718
21447190
20079878
22076804
20163862
21596910
21536040
21122817
21800187
21948277
21684797
21931691
202006182629
21740250
21106135
21093978
21617476
20095291
22051227
21102389
21970780
21875477
21552513
21267286
20993967
20925817
20042905
20011876
21950913
21728432
21552512
21528729
21233431
22094110
22071189
21993836
21962720
21952719
21923507
21920225
21814521
21560675
21560292
21076378
20988065
20984165
20962091
20801281
22110618
22110617
22104040
22093472
22093317
22059864
22028113
22003223
21978860
21948769
202007152854
21948209
21918311
21889218
21875521
21755737
21728431
21627267
21550877
21441103
21409615
21276623
20944404
20903298
20885241
20231459
20164195
20095292
22111966
22099897
22079317
22071188
22063587
22047386
22044072
22028371
21986620
21986567
21972382
21962719
21948784
21947146
21944515
21931689
21875288
21868750
21868742
21831262
21831095
21803987
21803235
202005222475
21755738
21755197
21740857
21730679
21726806
21712661
21658657
21617910
21612336
21551544
21548050
21447601
21441151
21441148
21438679
21438678
21409643
21249247
21098818
21066740
21022137
21021104
202004212356
20972194
20972146
20951039
20930526
20914128
20904836
20885206
20774491
20767384
20763020
20691771
20637647
20245015
20231460
20095290
20091955
20043715
20849631
21894160
22092903
22080841
22071357
22071356
202007022726
20867062
20849634
20102395
22043881
21995545
21639897
21995546
21971135
22011394
21995547
22009431
21945947
22081624
22051226
21971190
22011392
22011243
21971191
22043879
22028013
22081625
22075250
22075249
22043880
21987706
21994590
21981583
22028014
21929778
22009430
22028012
21981582
21591238
21937991
21978041
21445098
22052271
21979910
22000884
21950550
21510210
21667716
21125254
21929779
22009352
20964863
21939427
21922076
21334323
21067741
21809673
21667718
21667717
22051225
21447603
22081626
21705912
22011391
21317723
21658557
20959297
21658558
21125255
21950391
21797925
22050050
21941155
21873171
20040905
21929780
22052273
21966414
21873392
21830108
21809674
21253463
22069412
22008036
21960332
21591235
21072542
21067742
21061382
20896064
22101300
22096561
22069025
22068354
22050175
21979911
21952004
21939428
21938038
21926239
21835992
21731695
21512038
202003242171
21389100
21278514
21127468
21072083
20040904
22105669
22101792
22101302
22101301
22096560
22096074
22052272
22023575
22008033
21981581
21966417
21966416
21960333
21960330
21952020
21952011
21952010
21952009
21952005
21939468
21938037
21893999
21887954
21885309
21855407
21855228
21853478
21851764
21830107
21809672
21802787
21802740
21743182
21667719
21661501
21659118
21658784
21616828
21616827
21609419
21596188
21591236
21566559
21520206
21518505
21518504
21510211
21447602
21447007
21447004
21447001
202006242670
21419093
21408619
21270302
21270300
21253464
21221231
21125256
21113811
21098678
21095662
21094165
21072084
21067743
21067740
21040765
21040764
20995700
20990634
20967874
20967873
20964862
20959296
20954998
20954997
20918200
20904723
20166078
20166077
20041287
20040903
20009912
20004988
22008116
22008029
21945946
202009013161
22028709
22028031
22051349
22015480
21986430
21986429
22058738
21941111
22059688
22059687
21977918
21986350
21886836
22051353
21835339
21941109
21941112
21977919
21835340
22015481
20840625
21980439
21926183
21424761
20809729
21934540
21934538
21616620
21977920
22028079
21981584
21611788
21547345
21216207
21109599
21902464
21234683
21717275
21862690
21133686
21228345
21963996
21654387
21535661
21228337
21211633
21967234
21954837
21927596
21565824
21234682
21555543
21896488
21586994
21886889
22020679
22096082
22028097
22047501
22047379
22028098
22096083
21993834
21717731
21133687
21871093
21922022
21993835
21765416
21215970
20840634
21592929
21211635
21133328
22061778
22060923
22040705
21885873
21871068
21837037
21837036
21809830
21808720
21808249
21752489
21748308
21709382
21616617
21586995
21554980
21135712
22060924
21902465
21885874
21732086
21593046
21535662
21134852
21131393
21126264
21121491
21116178
20924209
20922799
20756952
20707859
22097599
22070096
22070095
22063208
22062806
21993833
21986621
21986619
21941891
21890772
21852344
21829657
21808733
21807838
21764892
21720893
21720887
21658202
21647842
21547325
21533695
21532663
21532662
21231785
21220873
21216581
21216111
21205649
21126263
21096727
21096726
21089532
21089529
21079677
21062069
21049764
21019122
21018772
20992583
20986813
20971260
20812221
20812220
20809730
20801024
20771469
20747229
20747202
20700206
20099327
20085343
20007749
20006197
20002722
21417573
20966020
22047126
21941405
20911889
20089917
20003130
21120226
21120225
22000399
21748127
22061447
21925973
22061446
21983689
22058011
21527979
21441088
21441087
21990886
21978042
22045133
21941541
22094075
22059693
21438530
22002973
22006008
21941547
21801534
22002972
21809675
21941548
21438531
21514497
21864385
21860164
21960287
21072893
21822211
20959001
21868342
21827976
21827975
21107909
21968096
21894380
21874443
21118778
20973031
21968095
21944411
21885332
21864387
21763590
21557143
21523461
21118777
21731748
22062247
21809676
22023651
21535560
21709052
21998187
22044994
22023461
22045014
22044089
21966127
21420908
21362028
20762117
22045003
22008008
21966126
21960289
21727039
21658201
21068022
22072798
202009083211
22025987
21949215
21920806
21654878
21625376
21588205
21532545
21444632
21362027
21252473
21128206
21118779
21118172
21113628
21031579
20837346
20836537
20767159
22072797
22070098
22070097
22066103
22065331
22062243
22062240
22045002
22045001
22025985
21956458
21939429
21891162
21891161
21885331
21852385
21848511
21808171
21801040
21765043
21763589
21731749
21626251
21593753
21532605
21444410
21409784
21228339
21130330
21130325
21128207
21116241
21107908
21105910
21098721
21098720
21098719
21098718
21096989
21076045
21066876
21041509
21031578
21031577
21009426
20998762
20988842
20988832
20973030
20969047
20966243
20944457
20944456
20944455
20944407
20926782
20916822
20916544
20845850
20837347
20837345
20762128
20696938
20667467
20238380
20238379
20238378
21814884
21038192
20855371
20855369
20820586
22016498
202008243120
21891444
20017231
202008052992
21891495
21840471
22010455
202008052990
21918357
22081901
22081307
22076519
22062447
21962090
21967604
202007062794
21989562
21729027
202008052991
21837743
21807410
21798284
202007132846
21806531
21886101
21808717
21983688
21067783
21729038
21995423
21679940
20039897
22047962
21847040
21768308
20178431
20834087
21560670
20903305
21625093
21822749
21851771
21565845
20162534
20956013
21918325
202007062795
21851773
21829018
21558671
21015100
20015010
21919906
21829017
21095852
20992614
20809781
21962019
21829029
21829022
21829016
21666442
21095854
21095853
20864839
20694498
20015009
21950395
21771557
21625097
20811660
20806068
20094872
20067215
22094176
22074961
22074960
21995425
21923263
21851772
21829020
21808768
202005282502
21771556
21770928
21447474
20092733
20070175
202008243102
20042797
20013189
20008878
22128941
22103262
22102898
22094177
22010456
21998164
21995424
21970633
21970632
21970631
21932319
21932255
21923265
21923264
21923262
21922298
202006242668
21849127
21849126
21849125
21836710
21829021
21829019
21828949
21765557
21752410
21704487
21704486
21704485
21704484
21704483
21661477
21661476
21625096
21625095
21625094
21608709
21608699
21608698
202007062796
21128209
21121090
21121048
21121029
202007062761
21120978
21111717
21111716
21090936
20876240
20854189
20854188
20768263
20694497
20692190
20692189
20692188
20690593
20667464
20231881
20231877
20231876
20163926
20163925
20160993
20098345
20098344
20098343
20091341
20083325
20080318
20080317
20080316
20080315
20079135
20079134
20079133
20077794
20073539
20072154
20072138
20072137
20071179
20069790
20067217
20067216
20065926
20064924
20064923
20040509
20040508
20039186
20039185
20037887
20026283
20017578
20017577
20017576
20016645
20016644
20016601
20016600
20016599
20016212
20016211
20013188
20008845
20008844
20008843
20006281
20000453
20000452
